"x"
0.679638854296389
0.664445828144458
0.687920298879203
0.692963885429639
0.677210460772105
0.690535491905355
0.680448318804483
0.671793275217933
0.675653798256538
0.657160647571607
0.687982565379826
0.673972602739726
0.668057285180573
0.683063511830635
0.672976338729763
0.672104607721046
0.678829389788294
0.668679950186799
0.657409713574097
0.677023661270237
0.675280199252802
0.68692403486924
0.6813200498132
0.681818181818182
0.66986301369863
0.652303860523039
0.679327521793275
0.666251556662516
0.661706102117061
0.687733499377335
0.659651307596513
0.673163138231631
0.670983810709838
0.674221668742217
0.685180572851806
0.688605230386052
0.669613947696139
0.666313823163138
0.668493150684932
0.683935242839352
0.659713574097136
0.67453300124533
0.660647571606476
0.666562889165629
0.667310087173101
0.670672478206725
0.6859900373599
0.679825653798257
0.684869240348692
0.671606475716065
0.674844333748443
0.671793275217933
0.67920298879203
0.670423412204234
0.682191780821918
0.697322540473225
0.664881693648817
0.681755915317559
0.679576587795766
0.672166874221669
0.671357409713574
0.689912826899128
0.674097135740971
0.670859277708593
0.664072229140722
0.672353673723537
0.6640099626401
0.678767123287671
0.691158156911582
0.67920298879203
0.687795765877958
0.673038605230386
0.676836861768369
0.675965130759651
0.68574097135741
0.662079701120797
0.676712328767123
0.674283935242839
0.658841843088418
0.673349937733499
0.67826899128269
0.669053549190536
0.661706102117061
0.676214196762142
0.650249066002491
0.676525529265255
0.655977584059776
0.670423412204234
0.678331257783313
0.669115815691158
0.688169364881694
0.687359900373599
0.671481942714819
0.66612702366127
0.672602739726027
0.664632627646326
0.677770859277709
0.696699875466999
0.687110834371108
0.671544209215442
0.663200498132005
0.664819427148194
0.680261519302615
0.676089663760897
0.687110834371108
0.657160647571607
0.667683686176837
0.69346201743462
0.678704856787049
0.674844333748443
0.668679950186799
0.679016189290162
0.69439601494396
0.655541718555417
0.675716064757161
0.675404732254047
0.660149439601494
0.68200498132005
0.674906600249066
0.672602739726027
0.674470734744707
0.663885429638854
0.680012453300124
0.685678704856787
0.670547945205479
0.678082191780822
0.674844333748443
0.665691158156912
0.667683686176837
0.68293897882939
0.663013698630137
0.654794520547945
0.684059775840598
0.679140722291407
0.667123287671233
0.669427148194272
0.66587795765878
0.683686176836862
0.679576587795766
0.677459526774595
0.669427148194272
0.673972602739726
0.68293897882939
0.664570361145704
0.685803237858032
0.675342465753425
0.66425902864259
0.677770859277709
0.6593399750934
0.666376089663761
0.681195516811955
0.67173100871731
0.665068493150685
0.684495641344956
0.688418430884184
0.662764632627646
0.686550435865504
0.660087173100872
0.665130759651308
0.682689912826899
0.659962640099626
0.679701120797011
0.656724782067248
0.680323785803238
0.659900373599004
0.666002490660025
0.678580323785803
0.669676214196762
0.668679950186799
0.676961394769614
0.684931506849315
0.671419676214197
0.665753424657534
0.688480697384807
0.671980074719801
0.664072229140722
0.654358655043587
0.672104607721046
0.666313823163138
0.667123287671233
0.659090909090909
0.686301369863014
0.665006226650062
0.677210460772105
0.6813200498132
0.694831880448319
0.683250311332503
0.665442092154421
0.66587795765878
0.676214196762142
0.663574097135741
0.678082191780822
0.675840597758406
0.677770859277709
0.666251556662516
0.675840597758406
0.668679950186799
0.679140722291407
0.681693648816937
0.662453300124533
0.665130759651308
0.674470734744707
0.655043586550436
0.677646326276463
0.688916562889166
0.677459526774595
0.660460772104608
0.671980074719801
0.681942714819427
0.67826899128269
0.672602739726027
0.658592777085928
0.674782067247821
0.689103362391034
0.669987546699875
0.665815691158157
0.693088418430884
0.683374844333748
0.666562889165629
0.675155666251557
0.673848069738481
0.688418430884184
0.663760896637609
0.675031133250311
0.6546699875467
0.6640099626401
0.668991282689913
0.672914072229141
0.672042341220423
0.675902864259029
0.660958904109589
0.66120797011208
0.66892901618929
0.664072229140722
0.667559153175592
0.688480697384807
0.66892901618929
0.680074719800747
0.688231631382316
0.683125778331258
0.678082191780822
0.678019925280199
0.656600249066002
0.666251556662516
0.670236612702366
0.663511830635118
0.657783312577833
0.663262764632628
0.70373599003736
0.663823163138232
0.687733499377335
0.664383561643836
0.673038605230386
0.668617683686177
0.683437110834371
0.662764632627646
0.676463262764633
0.672976338729763
0.662889165628892
0.66892901618929
0.652864259028643
0.664321295143213
0.682876712328767
0.674097135740971
0.664819427148194
0.669178082191781
0.678393524283935
0.676961394769614
0.681569115815691
0.693773349937734
0.688231631382316
0.673287671232877
0.691718555417186
0.668679950186799
0.666625155666252
0.676587795765878
0.66681195516812
0.678019925280199
0.669800747198007
0.675280199252802
0.679576587795766
0.674470734744707
0.672478206724782
0.66239103362391
0.668866749688668
0.689912826899128
0.675093399750934
0.682503113325031
0.679825653798257
0.680199252801993
0.668617683686177
0.687048567870486
0.679016189290162
0.657534246575342
0.662515566625156
0.677708592777086
0.682627646326276
0.664819427148194
0.656724782067248
0.66986301369863
0.681942714819427
0.669925280199253
0.669115815691158
0.667496886674969
0.681818181818182
0.669427148194272
0.678891656288917
0.689975093399751
0.673972602739726
0.691469489414695
0.687546699875467
0.681942714819427
0.663698630136986
0.682814445828144
0.664694894146949
0.670734744707347
0.672540473225405
0.677397260273973
0.678953922789539
0.676836861768369
0.678082191780822
0.667932752179328
0.679701120797011
0.67826899128269
0.680946450809464
0.662826899128269
0.676276463262765
0.653424657534247
0.66774595267746
0.689414694894147
0.676525529265255
0.678891656288917
0.669240348692403
0.668617683686177
0.687297633872976
0.67266500622665
0.69041095890411
0.691033623910336
0.656724782067248
0.666376089663761
0.677646326276463
0.667870485678705
0.672353673723537
0.677895392278954
0.671481942714819
0.691905354919054
0.674408468244085
0.666002490660025
0.672602739726027
0.647633872976339
0.668742216687422
0.67920298879203
0.667621419676214
0.685118306351183
0.676214196762142
0.683997509339975
0.685242839352428
0.668866749688668
0.66425902864259
0.687048567870486
0.681133250311333
0.671295143212951
0.671232876712329
0.674595267745953
0.671170610211706
0.675653798256538
0.653673723536737
0.66681195516812
0.678019925280199
0.674097135740971
0.683063511830635
0.677833125778331
0.679950186799502
0.65093399750934
0.67453300124533
0.680946450809464
0.68318804483188
0.675342465753425
0.671980074719801
0.683561643835616
0.677708592777086
0.664757160647572
0.681257783312578
0.672353673723537
0.665130759651308
0.668057285180573
0.685616438356164
0.678331257783313
0.678206724782067
0.661394769613948
0.67266500622665
0.66706102117061
0.666064757160648
0.664757160647572
0.673287671232877
0.676836861768369
0.669364881693649
0.692590286425903
0.669302615193026
0.68972602739726
0.679078455790785
0.669053549190536
0.674159402241594
0.670112079701121
0.677708592777086
0.681195516811955
0.692029887920299
0.680074719800747
0.663947696139477
0.67173100871731
0.681569115815691
0.688293897882939
0.669800747198007
0.681444582814446
0.668493150684932
0.675031133250311
0.66425902864259
0.666313823163138
0.670734744707347
0.662577833125778
0.670361145703611
0.672104607721046
0.674657534246575
0.674595267745953
0.660772104607721
0.685429638854296
0.669738480697385
0.675840597758406
0.675155666251557
0.666500622665006
0.668244084682441
0.677085927770859
0.671481942714819
0.678518057285181
0.678019925280199
0.667808219178082
0.68013698630137
0.672540473225405
0.678891656288917
0.675965130759651
0.671481942714819
0.679452054794521
0.6593399750934
0.666500622665006
0.674968866749689
0.675342465753425
0.67173100871731
0.665691158156912
0.667870485678705
0.673349937733499
0.695579078455791
0.672291407222914
0.675093399750934
0.641158156911582
0.688293897882939
0.679265255292653
0.671419676214197
0.686176836861768
0.683686176836862
0.6546699875467
0.679389788293898
0.698567870485679
0.664321295143213
0.694831880448319
0.687110834371108
0.674283935242839
0.668866749688668
0.684557907845579
0.669925280199253
0.657845579078456
0.672540473225405
0.680386052303861
0.680012453300124
0.680012453300124
0.679638854296389
0.695454545454545
0.687173100871731
0.694769613947696
0.672540473225405
0.669489414694894
0.665006226650062
0.680386052303861
0.692403486924035
0.670236612702366
0.667185554171856
0.678455790784558
0.673723536737235
0.678331257783313
0.66681195516812
0.676961394769614
0.679825653798257
0.663636363636364
0.671295143212951
0.667123287671233
0.683125778331258
0.698505603985056
0.677833125778331
0.675965130759651
0.685180572851806
0.652366127023661
